21.9839
32.2942
1.98088
2.53654
2.26173
1.74825
0.995347
3.29027
2.7323
1.29646
1.82618
2.14328
0.456173
0.960976
2.09331
2.20693
1.04057
3.52643
4.87565
1.35024
1.26692
0.0362151
1.29583
1.19922
7.80885
6.33477
6.16118
0.5014
0.809316
1.4613
2.37821
3.72889
4.05028
3.15643
2.32936
2.88771
0.271987
0.559312
1.05663
9.27367
6.04147
2.38627
3.08598
4.23972
4.6163
1.2939
0.621448
2.34663
1.09769
0.780054
1.42202
0.685789
0.615843
1.47713
2.95462
1.87893
5.05895
3.12353
3.77477
3.82903
4.50144
3.06856
6.22194
2.24699
3.24154
1.07731
1.33292
1.53731
4.31492
0.252657
0.113499
2.71467
0.906426
1.41021
2.69694
1.8456
1.67763
2.94077
1.015
1.73248
3.59071
1.95464
3.13213
1.82797
2.8189
3.00409
7.42314
3.21028
2.66337
5.77722
3.18143
5.94524
1.49654
0.0477998
0.816164
0.672977
0.583465
0.26096
2.35004
2.82622
2.06145
6.36846
0.919129
0.552003
1.46992
1.39606
0.920206
5.15181
4.67058
3.71225
8.0358
5.2937
7.85292
4.13233
8.38062
6.33186
6.32489
3.85538
6.25882
7.98511
5.72926
4.18684
11.8339
1.75296
1.36013
2.71815
1.30575
0.347701
4.77011
2.87209
2.18241
8.07829
1.36244
0.944038
1.95248
6.16648
7.39236
16.6861
6.72009
5.90985
4.18071
1.62324
1.80512
7.06795
3.14616
3.98047
4.81856
1.30889
1.35004
7.45253
3.14868
0.942802
8.02894
0.0263536
1.13294
4.85207
2.72033
1.98388
4.53773
0.533847
0.381725
1.31643
2.35134
3.68254
5.13133
1.09074
1.26882
1.87577
0.949811
5.47015
10.254
4.5885
2.87882
10.9488
4.15096
4.84102
1.67603
3.41611
1.95366
1.62254
3.24372
5.45537
4.06856
1.08563
1.34227
2.46068
0.354394
1.01375
3.80774
1.26616
2.14424
3.71788
0.609123
0.589463
3.81553
2.97902
1.67197
9.57603
0.290895
0.248712
3.43021
0.0801665
0.161947
2.29642
1.47337
2.83309
1.18738
2.54359
1.5178
7.25032
1.14844
3.24201
1.46796
1.56897
0.0715887
2.70341
4.10321
8.04773
4.64107
2.26642
0.109211
2.60853
8.45685
8.00372
5.58537
1.51242
6.34263
5.93213
8.39849
3.48501
8.30062
5.52891
2.4112
4.56139
0.0999778
0.86422
0.797154
1.00374
4.68942
2.77904
18.9762
14.8078
15.0607
0.650535
0.0909476
1.97377
3.72597
2.02371
3.1149
6.62861
9.34507
6.10109
3.87984
6.46629
9.57416
1.89344
0.742433
1.26003
3.83159
2.21324
4.65135
6.75969
2.60954
3.27911
9.09547
3.52019
5.06136
5.35193
0.9604
1.62023
3.76233
4.67559
1.89522
8.00147
7.14227
7.23536
1.53793
1.42474
0.944349
3.37332
4.08852
6.85859
1.09739
1.2674
1.79293
1.80623
1.33853
4.73803
0.353217
0.37038
0.987479
2.66613
2.45637
9.4966
9.63231
6.64711
36.976
3.46006
3.38341
22.2558
2.98465
1.3451
9.22088
2.83781
7.9755
23.2855
2.84142
0.327941
1.71379
7.86908
1.52358
3.39747
4.62293
1.30668
1.48843
3.29133
0.186561
3.28218
3.09688
0.35325
4.83974
4.40364
5.95246
4.35966
19.4174
6.37208
30.4696
6.79607
0.433683
16.2814
6.85796
0.819598
17.159
4.99893
6.00311
10.2731
0.374037
1.27244
6.24542
3.6677
1.878
15.368
0.348912
0.764332
6.46117
5.50997
1.95337
14.7095
0.318816
1.74642
5.69941
1.63512
0.72269
11.5309
6.82195
2.90355
22.3611
1.9083
2.54982
1.14644
2.48525
1.56118
9.50629
4.94042
3.27133
3.52913
1.76541
2.81993
1.26446
1.62945
1.79908
9.42092
3.56266
0.510025
4.88413
1.03815
0.155689
3.92367
1.8555
2.8845
5.66612
2.23185
2.63325
7.23617
4.19003
3.12493
2.40141
3.65513
2.67363
9.63455
0.252229
0.890965
2.16702
0.154742
0.877562
2.43764
6.10222
8.24145
3.81262
2.89428
3.12234
3.92516
5.09119
2.74924
2.71573
2.23397
1.58594
11.0246
3.2021
3.69858
0.176227
3.3098
4.00728
0.0671348
1.17381
2.19292
0.465602
0.648641
0.730201
2.66149
2.06449
1.72728
2.83162
6.45984
10.2616
2.12786
1.78621
1.36031
5.50106
0.277675
1.47333
1.29964
2.12595
3.57786
0.318757
1.50862
1.34334
1.89762
1.57455
2.90009
0.317569
5.3362
5.58777
2.28182
5.3072
5.47128
2.35138
1.21115
0.62657
2.41374
0.319158
0.808827
1.67084
1.10652
3.504
3.11938
2.45033
4.78531
0.433475
10.5726
14.036
5.14172
2.10186
2.92337
1.47045
3.28455
6.57255
0.393197
15.4813
20.555
7.47195
5.99816
5.41811
3.60991
6.68232
10.4083
6.69266
3.78741
6.62946
2.94736
8.7169
13.5589
3.21124
1.29084
2.64874
1.01629
5.53866
9.21759
1.55674
3.4875
4.04476
5.84317
2.60239
3.37061
3.56296
1.69157
3.77037
0.341049
0.385909
1.80818
0.564428
0.683669
2.47959
0.330439
2.21494
2.30507
1.03941
2.11522
4.15972
1.65633
3.32272
5.99006
2.63357
11.4446
14.1037
8.78259
4.50233
7.73428
3.57141
4.79204
7.66366
3.8162
2.06829
4.20197
1.0595
1.13646
2.3136
1.19934
7.93934
11.6169
7.08003
4.82383
8.54191
4.44091
5.03653
7.29137
5.26574
5.21811
4.93231
3.33588
3.55091
6.53219
2.82874
1.98576
4.28073
1.57172
3.88116
5.7955
2.79031
4.63652
8.93934
2.816
4.63575
9.98358
4.20173
3.89904
8.20926
3.6263
2.40447
2.8645
2.70938
5.67498
9.35322
4.70208
4.78254
7.27141
4.96752
1.36289
4.17102
0.761149
6.2886
4.18467
5.31598
6.01768
9.80165
5.75203
11.7972
17.981
8.01652
3.83295
8.88858
2.01043
0.948597
3.4733
1.00306
13.8111
19.1506
13.4833
5.43705
9.9965
5.16027
5.37701
8.61354
4.27809
6.78882
11.8826
5.82012
2.42291
3.75026
2.17904
6.68399
7.34292
6.09245
0.547701
1.04552
0.512001
14.0572
14.4165
10.7396
2.59112
2.25418
3.02062
7.31027
8.12133
7.11524
3.34859
3.69564
3.06206
1.47344
1.84841
1.46177
1.11673
0.568446
0.729937
8.01606
6.41835
8.06586
1.4539
1.54226
1.42302
13.9701
13.55
13.9096
7.89794
7.01868
7.94138
3.43521
2.9792
2.70897
4.28149
1.23996
3.83333
2.29054
5.90285
2.40457
4.50386
5.89931
4.5829
7.82528
8.42785
7.11043
3.69659
4.43496
3.72407
0.852188
0.938766
0.369193
2.7698
5.56604
3.41381
0.496331
1.43172
0.296423
1.5479
1.96429
0.754528
0.300937
1.45701
0.335166
2.89321
0.420881
2.32709
3.35964
2.08835
3.25482
3.49648
0.512504
3.14031
6.66332
7.81764
5.22075
2.47505
1.07338
1.50667
10.8791
4.37125
6.18552
11.874
7.34422
7.59016
2.18272
4.09696
1.63061
3.57144
2.17
2.81299
1.60159
1.96412
1.02033
4.70079
2.08686
1.62165
4.8811
1.74301
1.32865
13.2049
1.70035
6.1967
3.91615
5.12849
2.70177
8.50357
0.669563
3.58142
5.01432
4.35074
1.2146
17.5585
1.44316
8.61993
0.752254
9.81069
3.05723
5.23498
1.11837
1.91349
0.821301
6.47041
1.63911
2.96469
14.5226
6.41106
2.93619
3.94289
1.23794
10.2005
3.30401
4.87274
2.23166
4.2972
1.00857
3.67767
16.0061
7.6441
1.92155
7.24355
2.97471
10.029
2.90098
5.97224
1.84795
3.45647
1.3877
1.76301
1.82448
0.336295
2.72687
0.23262
0.09109
9.91973
4.80788
7.74984
3.88787
2.24466
1.4464
0.897682
1.33541
0.214889
5.2447
0.545987
1.69251
9.64598
3.04932
7.57525
5.19127
2.80791
1.06505
3.83691
0.872857
2.2165
2.62545
4.30118
3.90535
1.32034
1.06576
0.371958
4.39576
5.25091
5.61057
0.369836
1.17418
0.633414
1.42986
1.81674
2.12925
5.50387
1.88465
1.74223
1.20468
2.08949
2.1704
8.25539
2.96006
2.79724
3.81979
2.11168
0.858113
12.0639
3.52005
4.68367
8.56914
1.93584
3.62327
6.9076
5.91246
7.5475
0.485548
1.04441
0.608789
7.8546
1.74869
2.85782
4.20165
1.13154
1.08566
6.32796
1.4063
1.33591
0.558286
1.49564
1.49725
9.71196
2.59154
4.02426
3.20017
1.33686
0.87618
4.68092
3.24987
4.05199
3.62816
4.72691
4.03369
1.71911
0.16503
0.167006
2.52184
0.49999
0.414408
4.42732
1.22441
1.40627
5.8238
2.36587
2.87898
1.13788
0.880787
0.572705
1.51124
2.96745
2.83487
2.09284
0.636518
0.77649
5.36914
2.22533
2.63981
2.70457
0.369715
0.409649
1.95166
3.78465
3.34396
2.32166
1.00343
0.849767
4.94276
1.82695
1.83553
8.12143
2.82459
2.83912
1.12998
0.116077
0.110683
0.738164
1.08892
1.07315
2.58207
0.608281
0.493351
3.29038
0.882687
0.811401
6.5813
7.34331
6.56514
9.56672
3.2383
3.15234
